year,month,passengers_in,passengers_out,passengers_total,freight_in,freight_out,freight_total,mail_in,mail_out,mail_total,aircraft_in,aircraft_out,aircraft_total,flights_in,flights_out,flights_total,passengers_incl_transit_in,passengers_incl_transit_out,passengers_incl_transit_total,available_seats_in,available_seats_out,available_seats_total,seat_utilisation_in,seat_utilisation_out,seat_utilisation_total
2009,Jan,1223646,1025778,2249424,25791781,26785552,52577333,1744015,1013329,2757344,6506,6480,12986,5919,5892,11811,1244404,1045681,2290085,1457769,1457446,2915215,85.36359327163632,71.74749527598277,78.5562985920421
2009,Feb,969607,823540,1793147,27184874,27304789,54489663,1594689,909102,2503791,5634,5599,11233,5106,5071,10177,989205,842937,1832142,1257714,1255734,2513448,78.65102877124687,67.12703486566423,72.89357090339645
2009,Mar,937697,933843,1871540,31509322,29527013,61036335,1713906,1052860,2766766,6182,6149,12331,5596,5563,11159,955905,952070,1907975,1370622,1372128,2742750,69.74242351282848,69.38638377760675,69.56430589736578
2009,Apr,971404,1004204,1975608,28921311,26224702,55146013,1710087,890318,2600405,6046,6016,12062,5491,5460,10951,986957,1019694,2006651,1341715,1340952,2682667,73.55936245774997,76.04254290981332,74.8005995526094
2009,May,842073,922435,1764508,31179480,24396268,55575748,1870405,961951,2832356,6058,6030,12088,5471,5443,10914,855367,935498,1790865,1341071,1342106,2683177,63.78237990382314,69.70373428030274,66.7441991340862
2009,Jun,853975,975920,1829895,33153606,22880254,56033860,1893977,809285,2703262,5921,5898,11819,5351,5328,10679,866799,988882,1855681,1298856,1300356,2599212,66.73557345848963,76.04702096964216,71.39398402284999
2009,Jul,1140351,999000,2139351,37173487,23136222,60309709,1974998,965016,2940014,6366,6335,12701,5829,5797,11626,1154875,1013270,2168145,1402731,1401950,2804681,82.33046820808838,72.27575876457792,77.30451341881661
2009,Aug,994466,1005333,1999799,36230150,23596909,59827059,1978490,868883,2847373,6405,6370,12775,5838,5803,11641,1006407,1017519,2023926,1396141,1396556,2792697,72.0849111944997,72.85916211021971,72.47209417992715
2009,Sep,1041573,1045194,2086767,35048166,24711797,59759963,2069386,911162,2980548,6220,6196,12416,5649,5625,11274,1051541,1055502,2107043,1355726,1358180,2713906,77.56294413472928,77.71444138479436,77.63876125407438
2009,Oct,1195265,1022497,2217762,38982629,25816738,64799367,2296536,976591,3273127,6453,6421,12874,5902,5870,11772,1206564,1033707,2240271,1427459,1428249,2855708,84.52529985099397,72.375825223753,78.44888202855475
2009,Nov,1021470,1054438,2075908,41068183,26365645,67433828,2374963,1157410,3532373,6256,6232,12488,5730,5706,11436,1035574,1068440,2104014,1385788,1388481,2774269,74.72816909945821,76.9502787578656,75.8403024364256
2009,Dec,1115592,1287599,2403191,38966809,28400090,67366899,2894794,1802496,4697290,6764,6730,13494,6221,6187,12408,1133022,1304994,2438016,1518083,1518971,3037054,74.63504959873735,85.91302928100669,80.27568821627801
2010,Jan,1331612,1151057,2482669,32362026,25409324,57771350,2071030,910213,2981243,6867,6842,13709,6320,6295,12615,1349980,1168986,2518966,1551894,1554454,3106348,86.98918869458868,75.20235400983239,81.0909144757767
2010,Feb,1078500,951627,2030127,33255288,27621164,60876452,1816421,804580,2621001,6069,6050,12119,5561,5542,11103,1097606,970704,2068310,1362745,1364393,2727138,80.54375543480255,71.14548374258737,75.84177991726125
2010,Mar,1052707,1092822,2145529,41445472,27532854,68978326,2226917,903620,3130537,6628,6589,13217,6076,6037,12113,1070261,1110443,2180704,1476308,1478344,2954652,72.49578001338473,75.11397888448155,73.80578152689387
2010,Apr,1026383,1036390,2062773,37377196,24543693,61920889,2127204,834630,2961834,6319,6315,12634,5862,5860,11722,1039114,1048977,2088091,1424043,1429089,2853132,72.96928533759163,73.4017965291175,73.18592339926789
2010,May,893089,993010,1886099,41484612,25591501,67076113,2372185,893412,3265597,6392,6390,12782,5907,5906,11813,904333,1004303,1908636,1429353,1432360,2861713,63.2686956965844,70.11526431902594,66.69557708966623
2010,Jun,963769,1131910,2095679,39786108,24072577,63858685,2132827,777114,2909941,6322,6322,12644,5835,5836,11671,974691,1142691,2117382,1412740,1415345,2828085,68.99294987046449,80.73586298746949,74.86981473329125
2010,Jul,1299592,1101544,2401136,41364184,25379247,66743431,2325740,874488,3200228,6869,6857,13726,6355,6343,12698,1312472,1114207,2426679,1544443,1543804,3088247,84.98028091680949,72.17282763874171,78.57787929527657
2010,Aug,1083502,1130243,2213745,43464915,25074383,68539298,2366331,879605,3245936,6713,6713,13426,6230,6230,12460,1094494,1141322,2235816,1512728,1517780,3030508,72.35233300368606,75.19680059033588,73.77693772793208
2010,Sep,1142673,1173690,2316363,43914047,24990976,68905023,2339704,797785,3137489,6536,6503,13039,6065,6032,12097,1152897,1183849,2336746,1470205,1472034,2942239,78.41743158267045,80.42266686774899,79.42067248785703
2010,Oct,1288712,1084487,2373199,47291560,26196014,73487574,2691457,907589,3599046,6685,6653,13338,6204,6172,12376,1300130,1095638,2395768,1512112,1514265,3026377,85.98106489466389,72.35444258435611,79.16290667025291
2010,Nov,1084692,1120950,2205642,47738964,28287573,76026537,2633296,1100920,3734216,6530,6500,13030,6081,6052,12133,1098395,1134481,2232876,1467484,1471408,2938892,74.84885695516952,77.10172841251372,75.9767966975309
2010,Dec,1184169,1393185,2577354,42552110,29665903,72218013,3224338,1695442,4919780,7061,7039,14100,6630,6610,13240,1201083,1409968,2611051,1620376,1624182,3244558,74.12372190158334,86.81096084059546,80.47478269767407
2011,Jan,1460356,1248767,2709123,35824725,25885611,61710336,2521001,864161,3385162,7219,7210,14429,6805,6795,13600,1480726,1268452,2749178,1688938,1688977,3377915,87.6720163795237,75.10179238675245,81.38683181785214
2011,Feb,1139969,980257,2120226,34255676,24591433,58847109,2214719,779086,2993805,6282,6268,12550,5922,5909,11831,1159250,999308,2158558,1463773,1463789,2927562,79.19602288059693,68.26858242547253,73.73227279217315
2011,Mar,1055726,1055897,2111623,45592781,28793756,74386537,2697735,930393,3628128,6874,6835,13709,6455,6419,12874,1071136,1071376,2142512,1580537,1581828,3162365,67.77038436936307,67.73024627203463,67.7503071277351
2011,Apr,1097300,1188149,2285449,42295778,24570552,66866330,2689044,802069,3491113,6772,6757,13529,6362,6347,12709,1110054,1200844,2310898,1560978,1563737,3124715,71.11272548363911,76.79322034331861,73.95548073984347
2011,May,1010388,1069097,2079485,42854408,25820495,68674903,2625606,816824,3442430,6791,6785,13576,6334,6328,12662,1021772,1080587,2102359,1554320,1556568,3110888,65.73755725976633,69.42112390849613,67.58067149958468
2011,Jun,991794,1164150,2155944,42689486,23381966,66071452,2711318,842976,3554294,6338,6318,12656,5890,5870,11760,998919,1171057,2169976,1474466,1474521,2948987,67.74784905179231,79.41948605682795,73.58377639508075
2011,Jul,1366044,1165850,2531894,44935486,24992676,69928162,2781751,860731,3642482,7039,7026,14065,6712,6699,13411,1378802,1178256,2557058,1644367,1642916,3287283,83.85001645009903,71.71736108236819,77.78636643087924
2011,Aug,1144506,1164418,2308924,47915028,26161237,74076265,3035686,822363,3858049,6940,6949,13889,6622,6631,13253,1156135,1176270,2332405,1617893,1621656,3239549,71.45929922436156,72.53511225562018,71.99783056221715
2011,Sep,1167424,1234511,2401935,45810038,25552829,71362867,2750633,838223,3588856,6735,6720,13455,6425,6410,12835,1181690,1248691,2430381,1573750,1574639,3148389,75.08752978554408,79.30014435054638,77.19443181893978
2011,Oct,1356836,1119499,2476335,48083312,26467844,74551156,2688575,845768,3534343,6965,6968,13933,6637,6642,13279,1371530,1134111,2505641,1629253,1631267,3260520,84.18152367987048,69.52332144278036,76.84789542772319
2011,Nov,1141680,1161292,2302972,47436708,28657712,76094420,2875956,995785,3871741,6707,6675,13382,6378,6348,12726,1163056,1182572,2345628,1567551,1566445,3133996,74.19573589631214,75.4940007469142,74.84463924012667
2011,Dec,1219820,1451279,2671099,43789126,32113070,75902196,3243563,1592414,4835977,7193,7182,14375,6862,6851,13713,1257734,1489318,2747052,1705067,1710663,3415730,73.76449136602842,87.06086470567259,80.42356977864176
2012,Jan,1522951,1280575,2803526,36153503,27320464,63473967,2470944,772245,3243189,7340,7322,14662,7002,6984,13986,1569019,1325876,2894895,1746734,1744494,3491228,89.82586930809155,76.00347149373972,82.91910468179104
2012,Feb,1202079,1018688,2220767,39500135,27562109,67062244,2473825,882332,3356157,6471,6469,12940,6150,6149,12299,1247550,1064118,2311668,1522792,1526336,3049128,81.9251742851289,69.71715271080548,75.81406880918085
2012,Mar,1140970,1184391,2325361,47184081,28081977,75266058,2755507,843347,3598854,6797,6775,13572,6454,6432,12886,1180614,1224010,2404624,1593673,1592519,3186192,74.08132032104453,76.85999350714184,75.47015371327277
2012,Apr,1176642,1202602,2379244,42826868,24292082,67118950,2541896,798875,3340771,6807,6802,13609,6401,6396,12797,1209970,1236177,2446147,1580158,1584149,3164307,76.57272247458799,78.03413694040144,77.30435131610176
2012,May,1001277,1097826,2099103,43771494,27181510,70953004,2658559,903052,3561611,6628,6623,13251,6215,6210,12425,1029232,1125757,2154989,1540622,1544779,3085401,66.80626396351603,72.874954928828,69.84469765842431
2012,Jun,1093857,1267331,2361188,46071665,24924141,70995806,2468922,782354,3251276,6664,6676,13340,6239,6251,12490,1123706,1297117,2420823,1554008,1558965,3112973,72.31018115736856,83.20372811448621,77.76562790618486
2012,Jul,1411426,1183757,2595183,48154751,25371247,73525998,2622177,857793,3479970,7306,7282,14588,6859,6834,13693,1445676,1217763,2663439,1692216,1692505,3384721,85.43093789445318,71.95033397242548,78.69006042152367
2012,Aug,1191135,1227542,2418677,49479006,25996063,75475069,2915059,828231,3743290,7185,7145,14330,6763,6723,13486,1223463,1260093,2483556,1665904,1665067,3330971,73.44138677858987,75.67821595167041,74.55952033205932
2012,Sep,1241037,1291879,2532916,46630558,25599066,72229624,2649766,745100,3394866,6980,6964,13944,6546,6530,13076,1270690,1321410,2592100,1626825,1630402,3257227,78.1085857421665,81.04810960732384,79.57996172818167
2012,Oct,1410564,1162152,2572716,47898945,28806740,76705685,2805291,896028,3701319,7139,7125,14264,6720,6706,13426,1443009,1194337,2637346,1685163,1687963,3373126,85.63023280240546,70.75611254512096,78.18699924046715
2012,Nov,1206638,1244036,2450674,48324194,30739926,79064120,2768668,872552,3641220,6880,6835,13715,6550,6505,13055,1247467,1284450,2531917,1644588,1642967,3287555,75.85285798023578,78.17868526878507,77.01519822482057
2012,Dec,1314757,1534880,2849637,45210196,33024574,78234770,3304640,1538844,4843484,7448,7435,14883,7095,7082,14177,1368635,1589118,2957753,1790965,1796836,3587801,76.4188579899663,88.4397908323297,82.43915980847322
2013,Jan,1571356,1316140,2887496,37177925,32500280,69678205,2398354,831667,3230021,7471,7442,14913,7128,7099,14227,1630145,1374405,3004550,1807810,1807468,3615278,90.17236324613759,76.04035036858191,83.10702524121243
2013,Feb,1235881,1077428,2313309,38277602,30687738,68965340,2148960,722293,2871253,6509,6478,12987,6186,6155,12341,1293090,1134865,2427955,1566520,1567741,3134261,82.54538722774048,72.38855142526731,77.4649909500198
2013,Mar,1225650,1271601,2497251,45048266,32031625,77079891,2508450,793801,3302251,7217,7194,14411,6870,6847,13717,1276348,1322276,2598624,1721571,1726153,3447724,74.13856297532892,76.6024796179713,75.37215856025598
2013,Apr,1215952,1233982,2449934,41325153,27841828,69166981,2506026,726455,3232481,7049,7039,14088,6740,6728,13468,1252851,1270927,2523778,1680982,1686229,3367211,74.53089920058632,75.37096088372338,74.9515845606349
2013,May,1090305,1183884,2274189,43825379,29300371,73125750,2676326,778823,3455149,6951,6923,13874,6612,6585,13197,1117522,1211167,2328689,1658832,1660958,3319790,67.36800351090406,72.91978484705814,70.14567186478664
2013,Jun,1148699,1319217,2467916,43811626,25752977,69564603,2460542,706830,3167372,6988,6973,13961,6627,6611,13238,1173240,1343588,2516828,1661916,1665979,3327895,70.59562577169966,80.6485555940381,75.6282274530897
2013,Jul,1502141,1293265,2795406,44504087,27939165,72443252,2465039,760726,3225765,7733,7728,15461,7370,7363,14733,1538540,1329146,2867686,1822976,1826131,3649107,84.39716156438702,72.7848111663402,78.58596637478705
2013,Aug,1305475,1338815,2644290,47317288,28241154,75558442,2560306,862041,3422347,7573,7557,15130,7230,7213,14443,1339080,1372814,2711894,1788295,1788471,3576766,74.88026304384903,76.75908639279027,75.81972094344445
2013,Sep,1317813,1363172,2680985,45125322,28032451,73157773,2458778,731908,3190686,7421,7405,14826,7078,7061,14139,1348519,1393911,2742430,1754908,1757031,3511939,76.84271768092687,79.33331853564337,78.08877090405045
2013,Oct,1496725,1212883,2709608,46619480,28795037,75414517,2441077,843448,3284525,7691,7675,15366,7315,7299,14614,1529460,1245563,2775023,1828001,1827277,3655278,83.66844438268906,68.16497991273354,75.91824753137792
2013,Nov,1268103,1285380,2553483,48402162,30333622,78735784,2691577,939973,3631550,7369,7363,14732,7041,7035,14076,1308352,1325476,2633828,1768001,1769280,3537281,74.00176809854746,74.91612407306927,74.45911139092428
2013,Dec,1403760,1666889,3070649,43207319,32697043,75904362,3121955,1480215,4602170,8095,8095,16190,7765,7765,15530,1451442,1714717,3166159,1970724,1975313,3946037,73.65019150322419,86.8073566062695,80.23642454442268
2014,Jan,1741156,1460453,3201609,36777932,34036987,70814919,2284266,951106,3235372,8227,8215,16442,7910,7898,15808,1802772,1521495,3324267,2017832,2016731,4034563,89.34202649179912,75.44362634382077,82.39472279897477
2014,Feb,1320109,1170234,2490343,34406528,30307960,64714488,2100729,799665,2900394,6986,6971,13957,6702,6687,13389,1381618,1232231,2613849,1705399,1705986,3411385,81.01435499844905,72.22984244888293,76.62134294428803
2014,Mar,1256750,1275028,2531778,46532385,36246495,82778880,2454599,842355,3296954,7682,7661,15343,7355,7335,14690,1308882,1327884,2636766,1840288,1844451,3684739,71.12375888991288,71.99345496302152,71.55909821564023
2014,Apr,1319185,1390747,2709932,40931745,28761355,69693100,2361759,830814,3192573,7535,7535,15070,7289,7292,14581,1361702,1433328,2795030,1830139,1836513,3666652,74.404293881503,78.04616683900414,76.2283958226742
2014,May,1186430,1262179,2448609,42797649,29685277,72482926,2460029,915683,3375712,7284,7267,14551,7030,7014,14044,1222649,1298737,2521386,1769221,1771872,3541093,69.10662941486677,73.2974503801629,71.20360860333236
2014,Jun,1174912,1410529,2585441,42994646,27710112,70704758,2402200,754409,3156609,7275,7248,14523,7012,6986,13998,1206509,1442267,2648776,1757868,1759876,3517744,68.63478941535996,81.95276258100003,75.29757708349443
2014,Jul,1599897,1357325,2957222,45612794,29419194,75031988,2481544,843920,3325464,7932,7906,15838,7665,7639,15304,1639918,1397763,3037681,1903566,1902580,3806146,86.14978414197354,73.46671362045223,79.80989168571043
2014,Aug,1341299,1402976,2744275,46145335,28613848,74759183,2616205,828176,3444381,7685,7682,15367,7427,7424,14851,1375107,1437229,2812336,1847377,1849120,3696497,74.4356457831834,77.72502595829367,76.08111138734863
2014,Sep,1377010,1404018,2781028,43730842,30576600,74307442,2521565,820865,3342430,7463,7458,14921,7205,7200,14405,1410295,1437513,2847808,1802178,1802459,3604637,78.25503363152806,79.75288203504213,79.00401621577984
2014,Oct,1556897,1297662,2854559,45278146,32659452,77937598,2713401,928025,3641426,7618,7607,15225,7392,7381,14773,1594557,1335547,2930104,1851196,1852017,3703213,86.13658413263641,72.11310695312191,79.12329104483054
2014,Nov,1322483,1346054,2668537,47571164,36085410,83656574,2744110,1025837,3769947,7144,7148,14292,6971,6975,13946,1366611,1390361,2756972,1753608,1758333,3511941,77.93138489331709,79.07267849719024,78.50279944907959
2014,Dec,1449684,1710071,3159755,42282275,39619241,81901516,3206269,1562521,4768790,8037,8029,16066,7867,7859,15726,1505583,1766237,3271820,1999000,2003269,4002269,75.31680840420209,88.16773982924909,81.74912780725133
2015,Jan,1784287,1498628,3282915,36876824,41254741,78131565,2392831,886820,3279651,8181,8166,16347,8010,7995,16005,1843557,1557653,3401210,2041686,2042623,4084309,90.29581434167643,76.25748853312628,83.27504113914985
2015,Feb,1410790,1240775,2651565,38533701,37568006,76101707,2092623,791829,2884452,6879,6877,13756,6717,6715,13432,1474544,1304597,2779141,1713638,1717985,3431623,86.04757831000481,75.93762460091328,80.98619807595415
2015,Mar,1370140,1432073,2802213,44415980,40504946,84920926,2435467,872658,3308125,7377,7367,14744,7203,7193,14396,1425374,1487606,2912980,1818856,1823451,3642307,78.36651169746258,81.58190157015461,79.97623484236776
2015,Apr,1361635,1384880,2746515,40886166,35144071,76030237,2090522,864984,2955506,7357,7357,14714,7179,7180,14359,1408780,1432213,2840993,1806728,1813102,3619830,77.97410567611726,78.99241189960631,78.48415533326151
2015,May,1218186,1309275,2527461,43269763,35957786,79227549,2168953,858096,3027049,7154,7147,14301,7029,7022,14051,1256783,1347748,2604531,1777746,1783063,3560809,70.6953074286203,75.58611221252418,73.14436129542472
2015,Jun,1232005,1456587,2688592,43335754,34482801,77818555,2080581,804105,2884686,7133,7135,14268,7000,7003,14003,1266910,1491140,2758050,1778770,1784439,3563209,71.22393564092042,83.56351772181621,77.40354270546578
2015,Jul,1649910,1439511,3089421,43699080,35083001,78782081,2216303,862489,3078792,7780,7752,15532,7639,7611,15250,1695088,1484471,3179559,1931496,1930661,3862157,87.76036812915999,76.88926227856678,82.32599037273731
2015,Aug,1417242,1453713,2870955,44046239,37669156,81715395,2145467,792608,2938075,7462,7468,14930,7341,7347,14688,1455063,1491711,2946774,1849453,1855417,3704870,78.6753164313989,80.39761412124606,79.53785153055303
2015,Sep,1458846,1474613,2933459,42440063,41720828,84160891,2053202,832547,2885749,7314,7316,14630,7180,7182,14362,1496470,1512226,3008696,1819379,1823505,3642884,82.25169137381492,82.92963276766447,82.5910459954256
2015,Oct,1631063,1391059,3022122,43118786,40805341,83924127,1927780,709192,2636972,7614,7603,15217,7470,7459,14929,1672312,1431768,3104080,1906193,1908971,3815164,87.7304659077019,75.00208227364375,81.36164002386266
2015,Nov,1403347,1420285,2823632,44776638,43421781,88198419,2276663,1128516,3405179,7252,7178,14430,7141,7067,14208,1455075,1471884,2926959,1825703,1815966,3641669,79.69943632671908,81.05239855812279,80.37410868478162
2015,Dec,1580055,1847744,3427799,40712876,49123384,89836260,2608382,1468591,4076973,8454,8449,16903,8335,8331,16666,1641804,1909564,3551368,2132238,2138489,4270727,76.9990967237241,89.29501157125428,83.15605282192001
2016,Jan,1918216,1642055,3560271,33780414,48082380,81862794,1998777,776403,2775180,8707,8704,17411,8571,8568,17139,1985075,1708521,3693596,2200740,2204490,4405230,90.20034170324527,77.5018711810895,83.84570158652329
2016,Feb,1560626,1375056,2935682,35140857,39741316,74882173,1763035,735432,2498467,7544,7539,15083,7433,7428,14861,1632295,1446711,3079006,1917392,1920458,3837850,85.13100085950083,75.33156153375914,80.22736688510494
2016,Mar,1470828,1538489,3009317,42373465,45400772,87774237,2034952,833416,2868368,7946,7954,15900,7819,7827,15646,1524468,1592054,3116522,2010416,2016463,4026879,75.82848524882412,78.95280002658119,77.39298846575723
2016,Apr,1481132,1478130,2959262,39501098,41853600,81354698,2041248,845195,2886443,7803,7800,15603,7671,7670,15341,1536650,1533256,3069906,1972008,1977729,3949737,77.9231118737855,77.52609179518528,77.72431430244596
2016,May,1301845,1389018,2690863,40296468,42589631,82886099,2074142,822711,2896853,7662,7668,15330,7530,7536,15066,1345264,1432738,2778002,1943410,1950713,3894123,69.22183172876541,73.44688839414101,71.33832187632491
2016,Jun,1330046,1575902,2905948,40976772,40295839,81272611,1987273,809009,2796282,7664,7654,15318,7530,7520,15050,1368924,1614688,2983612,1945520,1949256,3894776,70.36288498704717,82.83611798552883,76.6054838583785
2016,Jul,1832875,1574975,3407850,44122460,37543321,81665781,2131930,808402,2940332,8456,8452,16908,8321,8318,16639,1882058,1624123,3506181,2138610,2141262,4279872,88.00379685870729,75.84886856442603,81.92256684312053
2016,Aug,1514269,1548743,3063012,42757483,40195303,82952786,2190538,803939,2994477,8079,8091,16170,7943,7955,15898,1556617,1591449,3148066,2050456,2058413,4108869,75.91564998224784,77.31436791353339,76.61636328634474
2016,Sep,1583513,1592100,3175613,42995325,41314344,84309669,2235226,840177,3075403,7948,7936,15884,7819,7807,15626,1626493,1634904,3261397,2016476,2019444,4035920,80.66017150712432,80.95812510770291,80.80925786437788
2016,Oct,1740278,1485480,3225758,46565561,43397453,89963014,2336910,822326,3159236,8269,8263,16532,8133,8126,16259,1793347,1538321,3331668,2103165,2107416,4210581,85.2689636809285,72.99560219719315,79.12608734994055
2016,Nov,1489028,1536531,3025559,47957556,46778790,94736346,2456163,1016324,3472487,7877,7875,15752,7726,7725,15451,1553307,1600530,3153837,2021534,2028531,4050065,76.83803487846357,78.90093865955215,77.87126873272405
2016,Dec,1691033,1966585,3657618,46240278,46864788,93105066,2856253,1415024,4271277,8861,8855,17716,8703,8697,17400,1768216,2043881,3812097,2298875,2302490,4601365,76.91657876135066,88.76828998171544,82.84708993961574
2017,Jan,2044464,1757649,3802113,39290398,40509716,79800114,2146241,783722,2929963,9025,8992,18017,8867,8834,17701,2125419,1838524,3963943,2350126,2349584,4699710,90.43851265847023,78.24891555271061,84.34441699594231
2017,Feb,1599434,1371201,2970635,39054577,41760922,80815499,1985807,779695,2765502,7629,7622,15251,7491,7484,14975,1674498,1446351,3120849,1985094,1988933,3974027,84.35358728604288,72.71994582019605,78.53114737267764
2017,Mar,1509048,1550291,3059339,48500465,47622013,96122478,2327454,953116,3280570,8219,8220,16439,8077,8082,16159,1576550,1617646,3194196,2134480,2141093,4275573,73.86108091900604,75.55234639504216,74.70802159149194
2017,Apr,1634650,1673176,3307826,43397465,39079660,82477125,2119091,755932,2875023,8196,8195,16391,8040,8039,16079,1703094,1741431,3444525,2112084,2115047,4227131,80.63571335230986,82.3353334464908,81.48611907225019
2017,May,1391507,1479723,2871230,45250129,45248649,90498778,2110950,791714,2902664,7869,7886,15755,7710,7729,15439,1445124,1533523,2978647,2019491,2027792,4047283,71.55882348571991,75.62526136802987,73.59621257026009
2017,Jun,1425247,1669146,3094393,45690648,42650542,88341190,2233069,839065,3072134,7985,7980,15965,7823,7818,15641,1478011,1721505,3199516,2043964,2045077,4089041,72.31100939155483,84.17800405559302,78.24612176791575
2017,Jul,1897855,1643059,3540914,48141316,39875970,88017286,2277998,786358,3064356,9044,9044,18088,8577,8577,17154,1960661,1705569,3666230,2231184,2236978,4468162,87.8753612431785,76.24433499122478,82.05230696648869
2017,Aug,1607947,1642140,3250087,49729813,43981166,93710979,2401781,856306,3258087,8412,8416,16828,8248,8253,16501,1657832,1692201,3350033,2152286,2157528,4309814,77.02656617196784,78.43240041380692,77.73033824661574
2017,Sep,1649934,1680464,3330398,47760356,45500886,93261242,2165919,804329,2970248,8282,8278,16560,8125,8121,16246,1697329,1727742,3425071,2121634,2125808,4247442,80.00102750992866,81.27460241000128,80.63844073680112
2017,Oct,1826871,1543057,3369928,50931471,49645347,100576818,2194966,801868,2996834,8561,8552,17113,8387,8379,16766,1883504,1599400,3482904,2182352,2186143,4368495,86.30615042852848,73.16081335941885,79.72777810206948
2017,Nov,1571174,1620735,3191909,54844433,52630641,107475074,2333824,1015769,3349593,8168,8152,16320,8019,8003,16022,1633375,1682519,3315894,2101820,2101451,4203271,77.71241114843326,80.06463153316446,78.88841809152919
2017,Dec,1773170,2053765,3826935,50801339,55834509,106635848,2818439,1483833,4302272,9245,9214,18459,9106,9075,18181,1845507,2126142,3971649,2407940,2406379,4814319,76.6425658446639,88.35441133753244,82.49658986037277
2018,Jan,2098405,1786996,3885401,42379602,52319185,94698787,2056076,912363,2968439,9435,9435,18870,9302,9302,18604,2170122,1858552,4028674,2452714,2456703,4909417,88.47839576893189,75.65228682506596,82.06013056132734
2018,Feb,1697805,1489815,3187620,41970036,41719287,83689323,1798807,769416,2568223,8026,8029,16055,7884,7887,15771,1775139,1567173,3342312,2087693,2090890,4178583,85.02873746283576,74.95243652224651,79.9867323444335
2018,Mar,1660037,1710242,3370279,49334299,49752905,99087204,2179459,868111,3047570,8696,8688,17384,8509,8500,17009,1728954,1778857,3507811,2234333,2236709,4471042,77.38121399093151,79.53010427373431,78.4562301136961
2018,Apr,1664141,1697992,3362133,46889913,43787220,90677133,2073556,823237,2896793,8594,8589,17183,8369,8364,16733,1726593,1760151,3486744,2187601,2190756,4378357,78.92632157326679,80.34445643421722,79.63589995059792
2018,May,1477266,1549386,3026652,48741418,50292020,99033438,2142734,936522,3079256,8309,8312,16621,8054,8057,16111,1530634,1603013,3133647,2127475,2133220,4260695,71.94603931891092,75.14522646515596,73.54778973852856
2018,Jun,1504833,1772073,3276906,50644371,43339720,93984091,2151385,867109,3018494,8397,8387,16784,8143,8133,16276,1551681,1818710,3370391,2140784,2146309,4287093,72.48190382588808,84.73663391431523,78.61716552451743
2018,Jul,1994170,1716945,3711115,52568989,43602156,96171145,2108476,854039,2962515,9230,9224,18454,8966,8961,17927,2043871,1766310,3810181,2338279,2342248,4680527,87.40920138272635,75.41088731850769,81.40495717683073
2018,Aug,1711828,1757645,3469473,52890932,46101533,98992465,2176883,923657,3100540,8905,8896,17801,8643,8636,17279,1760166,1805984,3566150,2261224,2263971,4525195,77.8412930342151,79.77063310439931,78.80654866806844
2018,Sep,1710672,1752050,3462722,49626087,48400655,98026742,2081513,883025,2964538,8610,8609,17219,8357,8358,16715,1755784,1797219,3553003,2186928,2191679,4378607,80.28540491502235,82.00192637699224,81.1445969003384
2018,Oct,1925383,1622374,3547757,52231245,53825258,106056503,2105550,946069,3051619,8916,8917,17833,8634,8634,17268,1972206,1668972,3641178,2266937,2267805,4534742,86.99871235945243,73.59415822788996,80.29515240337818
2018,Nov,1636769,1687907,3324676,51583045,55518935,107101980,2392954,1108832,3501786,8592,8591,17183,8367,8366,16733,1690195,1740987,3431182,2189311,2192525,4381836,77.20214259189306,79.40557120215277,78.30466498517973
2018,Dec,1808282,2142297,3950579,47853600,54827795,102681395,2795768,1472180,4267948,9484,9484,18968,9263,9264,18527,1865361,2199576,4064937,2454525,2460743,4915268,75.99682219574052,89.38666085812294,82.70021085320272
2019,Jan,2187442,1885630,4073072,39449531,52747115,92196646,1993467,964990,2958457,9645,9630,19275,9429,9414,18843,2245383,1942816,4188199,2491995,2493755,4985750,90.10383247157398,77.90725231628608,84.00338966053252
2019,Feb,1757525,1499283,3256808,37659660,41822439,79482099,1748400,875522,2623922,8206,8203,16409,8015,8011,16026,1812943,1554498,3367441,2113694,2116454,4230148,85.77130842969702,73.4482299166436,79.60574901871045
2019,Mar,1629562,1655711,3285273,47454569,51531633,98986202,2141175,992405,3133580,8771,8762,17533,8552,8543,17095,1679004,1705192,3384196,2238001,2239901,4477902,75.02248658512663,76.1280074431861,75.5754815536383
2019,Apr,1701680,1801316,3502996,42572618,41940289,84512907,2091896,929631,3021527,8631,8650,17281,8399,8418,16817,1748602,1847810,3596412,2166566,2173261,4339827,80.70845753141145,85.02476232721243,82.86993928559825
2019,May,1579940,1627989,3207929,43748831,48750671,92499502,2137661,1089090,3226751,8365,8371,16736,8130,8135,16265,1623500,1671031,3294531,2093471,2096485,4189956,77.5506324186005,79.70631795600733,78.62925052196252
2019,Jun,1545754,1782850,3328604,43758979,40924205,84683184,2139505,982010,3121515,8397,8416,16813,8150,8169,16319,1585405,1822953,3408358,2109439,2114041,4223480,75.15766040165181,86.23073062442971,80.70022824779566
2019,Jul,1985113,1750509,3735622,46737990,40819446,87557436,2121735,993317,3115052,9163,9173,18336,8935,8945,17880,2021069,1786597,3807666,2308517,2308959,4617476,87.54836979758001,77.37673124555265,82.4620636902065
2019,Aug,1766857,1801853,3568710,47958148,43682225,91640373,2256681,1062611,3319292,8813,8824,17637,8595,8606,17201,1800958,1836673,3637631,2215487,2221239,4436726,81.28948623936859,82.68686980554546,81.989083842455
2019,Sep,1721451,1775323,3496774,45557859,44769887,90327746,2186385,994576,3180961,8592,8602,17194,8376,8386,16762,1760402,1814529,3574931,2151589,2156001,4307590,81.81869306823934,84.16178842217606,82.99144068957352
2019,Oct,1926829,1660334,3587163,48346261,49193883,97540144,2179091,1103521,3282612,8915,8910,17825,8700,8695,17395,1973309,1702358,3675667,2237674,2238960,4476634,88.18572321079836,76.03342623360845,82.10782923062283
2019,Nov,1702426,1724008,3426434,49424631,52601488,102026119,2427776,1261622,3689398,8662,8659,17321,8448,8445,16893,1749818,1771532,3521350,2184412,2185269,4369681,80.10476045727637,81.06699907425585,80.58597412488463
2019,Dec,1846338,2192732,4039070,44660835,56671658,101332493,2756775,1556010,4312785,9654,9655,19309,9467,9467,18934,1896769,2243848,4140617,2484419,2487831,4972250,76.34658244040156,90.19294317017514,83.27451355020364
2020,Jan,2215508,1938543,4154051,38346436,46442042,84788478,2024258,1007280,3031538,9870,9863,19733,9683,9676,19359,2271199,1993998,4265197,2549922,2551725,5101647,89.06935192527457,78.14313846515593,83.60431444982376
2020,Feb,1529809,1275620,2805429,36699653,46071499,82771152,1685892,1091401,2777293,7860,7866,15726,7697,7703,15400,1581323,1327430,2908753,2005900,2010451,4016351,78.83359090682487,66.02647863588817,72.42277878601746
2020,Mar,887482,838247,1725729,40072842,40376699,80449541,1512726,886243,2398969,5914,5905,11819,5744,5736,11480,918428,870026,1788454,1461757,1467326,2929083,62.830415725732806,59.293299512173846,61.05849509897807
2020,Apr,17304,58002,75306,30667160,25300318,55967478,607922,228200,836122,1302,1289,2591,1256,1243,2499,17307,58005,75312,121071,124931,246002,14.294917858116312,46.429629155293725,30.614385248900415
2020,May,18749,34240,52989,35904110,29647893,65552003,902799,690625,1593424,1592,1556,3148,1534,1495,3029,18749,34240,52989,101772,99102,200874,18.422552371968713,34.55026134689512,26.37922279637982
2020,Jun,25244,39591,64835,34510567,30310539,64821106,1176670,665908,1842578,1511,1531,3042,1437,1457,2894,25244,39591,64835,123956,122336,246292,20.36529090967763,32.36250980905048,26.324444155717604
2020,Jul,20016,53835,73851,37264444,31066584,68331028,1086427,538143,1624570,1611,1593,3204,1532,1514,3046,20016,53835,73851,109521,155043,264564,18.275947078642453,34.722625336197055,27.914228693246244
2020,Aug,15549,56449,71998,41269200,32837203,74106403,1133168,474395,1607563,1769,1750,3519,1664,1645,3309,15549,56449,71998,124136,171103,295239,12.52577817877167,32.991239195104704,24.386344622492288
2020,Sep,15413,46707,62120,39374992,35539271,74914263,1187721,519478,1707199,1764,1739,3503,1652,1627,3279,15413,46707,62120,139942,186567,326509,11.013848594417688,25.034974030777146,19.025509250893542
2020,Oct,23559,45618,69177,41074958,37196422,78271380,1181642,646421,1828063,1920,1911,3831,1808,1799,3607,23559,45618,69177,159235,206961,366196,14.795114139479384,22.041833968718745,18.890703339195404
2020,Nov,26167,41044,67211,43329471,38137181,81466652,1377267,700527,2077794,2000,1983,3983,1878,1861,3739,26167,41044,67211,176642,220497,397139,14.8135777448172,18.614312212864576,16.92379746134225
